4059.487179
4061.538462
4066.153846
4076.923077
4077.435897
4073.846154
4075.384615
4075.897436
4079.487179
4075.384615
4073.846154
4078.461538
4077.435897
4075.384615
4071.282051
4070.769231
4073.333333
4069.74359
4071.282051
4075.384615
4081.538462
4086.666667
4082.051282
4082.564103
4083.076923
4082.051282
4085.641026
4086.153846
4088.205128
4089.74359
4087.179487
4088.205128
4085.641026
4086.153846
4091.282051
4091.794872
4094.358974
4093.333333
4092.820513
4097.435897
4098.974359
4105.128205
4113.846154
4119.487179
4125.128205
4126.153846
4130.769231
4132.307692
4131.282051
4138.974359
4143.076923
4144.615385
4142.051282
4137.948718
4144.615385
4146.666667
4148.205128
4152.307692
4148.205128
4148.717949
4150.25641
4150.769231
4153.846154
4152.307692
4155.897436
4158.974359
4155.384615
4157.948718
4161.025641
4160.512821
4158.461538
4164.615385
4175.384615
4168.717949
4165.641026
4170.25641
4167.692308
4167.179487
4168.205128
4168.205128
4165.128205
4162.051282
4168.205128
4167.692308
4168.717949
4175.384615
4171.282051
4169.230769
4171.282051
4169.230769
4170.25641
4168.205128
4166.153846
4169.74359
4157.435897
4107.692308
4050.25641
4031.282051
4029.230769
4018.461538
4016.410256
4016.923077
4010.25641
3996.923077
3986.153846
3992.820513
4000
4000.512821
4000
3996.410256
4003.076923
4006.666667
4000
4000.512821
4003.589744
4007.692308
4009.230769
4008.205128
4009.230769
4009.230769
4015.897436
4021.538462
4017.435897
4021.025641
4026.666667
4027.179487
4026.153846
4023.076923
4030.769231
4037.435897
4039.487179
4041.025641
4034.871795
4037.435897
4045.128205
4047.692308
4049.74359
4049.230769
4052.307692
4053.333333
4047.692308
4048.717949
4050.25641
4054.871795
4056.923077
4051.282051
4053.846154
4058.461538
4060
4062.051282
4061.025641
4064.102564
4068.717949
4074.871795
4078.461538
4072.820513
4075.897436
4079.487179
4077.948718
4083.589744
4087.179487
4089.230769
4089.74359
4091.794872
4098.461538
4094.871795
4091.794872
4105.128205
4122.564103
4131.794872
4129.230769
4129.230769
4133.846154
4133.846154
4137.948718
4141.538462
4138.461538
4137.948718
4142.051282
4147.179487
4143.589744
4141.538462
4149.74359
4148.717949
4151.282051
4158.974359
4156.923077
4155.897436
4156.410256
4161.025641
4146.666667
4096.923077
4076.923077
4117.948718
4147.179487
4120
4126.666667
4199.487179
4223.589744
4255.897436
4370.769231
4367.179487
4265.641026
4229.74359
3978.461538
3814.358974
4126.153846
4167.692308
3759.487179
3694.871795
3890.25641
3817.435897
3742.051282
3786.153846
3736.410256
3720.512821
3726.666667
3735.384615
3759.487179
3767.179487
3786.153846
3795.897436
3797.948718
3804.615385
3806.666667
3811.282051
3810.769231
3803.589744
3808.205128
3816.923077
3826.153846
3831.794872
3831.794872
3836.410256
3835.897436
3835.384615
3841.538462
3846.666667
3851.282051
3847.692308
3842.051282
3844.102564
3846.666667
3849.74359
3845.128205
3847.692308
3860.512821
3862.564103
3863.076923
3864.615385
3865.641026
3870.25641
3870.25641
3872.820513
3874.358974
3873.333333
3877.948718
3874.358974
3869.74359
3873.333333
3874.871795
3878.974359
3878.974359
3878.461538
3882.051282
3882.564103
3884.615385
3883.076923
3885.641026
3893.846154
3890.769231
3890.769231
3894.871795
3901.025641
3911.282051
3910.769231
3909.230769
3911.282051
3908.205128
3906.666667
3907.179487
3919.487179
3931.794872
3929.74359
3929.230769
3931.282051
3935.384615
3935.384615
3930.769231
3935.384615
3936.410256
3932.307692
3934.871795
3936.923077
3938.461538
3936.410256
3932.307692
3936.410256
3938.461538
3938.974359
3938.461538
3938.974359
3945.128205
3942.564103
3941.538462
3944.615385
3940.512821
3940
3941.538462
3943.589744
3946.666667
3943.076923
3945.128205
3947.692308
3948.205128
3952.820513
3952.820513
3953.846154
3951.794872
3951.282051
3960
3963.076923
3963.076923
3966.666667
3975.897436
3989.230769
3989.230769
3986.666667
3988.205128
3987.179487
3990.25641
3989.74359
3988.205128
3989.230769
3986.153846
3989.74359
3991.794872
3987.692308
3987.179487
3987.179487
3990.769231
3988.205128
3982.564103
3984.615385
3981.025641
3978.461538
3979.487179
3978.974359
3984.102564
3990.25641
4001.025641
4010.25641
4006.153846
4005.641026
4006.666667
4005.128205
4004.102564
4003.076923
4005.641026
3998.974359
3994.871795
4000.512821
3994.871795
3992.820513
3995.897436
3993.333333
3991.794872
3990.25641
3990.25641
3989.230769
3984.615385
3983.589744
3981.025641
3982.564103
3982.564103
3974.358974
3973.333333
3969.74359
3968.717949
3973.333333
3965.128205
3961.025641
3962.564103
3961.025641
3955.384615
3942.051282
3937.435897
3937.948718
3937.435897
3937.435897
3929.74359
3928.205128
3929.230769
3923.076923
3918.974359
3915.897436
3917.948718
3917.948718
3911.282051
3911.794872
3911.794872
3909.230769
3907.692308
3903.076923
3898.974359
3891.794872
3888.205128
3889.74359
3884.102564
3885.128205
3884.615385
3872.820513
3866.666667
3858.974359
3851.794872
3853.333333
3865.641026
3873.846154
3867.179487
3865.641026
3864.102564
3858.974359
3864.102564
3864.102564
3862.051282
3866.666667
3863.589744
3858.974359
3855.384615
3856.923077
3862.051282
3858.461538
3855.384615
3856.410256
3857.435897
3860.512821
3855.897436
3856.410256
3860.512821
3857.435897
3858.461538
3856.923077
3860
3865.128205
3860
3858.461538
3862.051282
3865.128205
3863.589744
3857.948718
3861.025641
3864.102564
3862.564103
3866.666667
3868.717949
3870.25641
3868.205128
3868.205128
3874.358974
3871.794872
3869.230769
3871.282051
3870.769231
3872.820513
3871.794872
3871.794872
3872.820513
3871.282051
3875.384615
3874.871795
3874.358974
3878.974359
3875.897436
3876.923077
3884.102564
3888.717949
3887.692308
3882.564103
3884.102564
3886.153846
3886.153846
3891.282051
3893.333333
3897.948718
3898.974359
3892.820513
3897.948718
3900
3897.948718
3898.461538
3897.948718
3905.128205
3909.74359
3910.25641
3914.871795
3917.435897
3917.435897
3917.435897
3922.564103
3928.717949
3925.641026
3929.74359
3931.282051
3924.615385
3927.692308
3928.205128
3929.230769
3932.307692
3930.769231
3934.871795
3935.897436
3935.897436
3942.051282
3945.128205
3947.692308
3949.230769
3948.205128
3945.641026
3945.128205
3955.384615
3959.487179
3956.410256
3962.564103
3965.128205
3965.641026
3963.589744
3962.564103
3968.205128
3967.692308
3968.717949
3971.794872
3973.333333
3980.512821
3981.538462
3979.487179
3985.128205
3990.25641
3993.846154
3990.769231
3990.25641
3996.410256
3992.307692
3990.25641
3991.794872
3993.333333
3999.487179
4005.128205
4010.769231
4006.153846
4002.051282
4007.179487
4005.128205
4008.205128
4017.435897
4020.512821
4021.538462
4018.974359
4022.051282
4031.282051
4029.230769
4032.307692
4038.974359
4038.461538
4040.512821
4043.076923
4046.666667
4045.641026
4043.076923
4043.589744
4040.512821
4042.564103
4043.589744
4042.564103
4046.666667
4045.641026
4047.179487
4047.692308
4044.615385
4048.717949
4045.128205
4042.564103
4046.666667
4042.051282
4040.512821
4041.538462
4045.641026
4051.794872
4047.179487
4048.205128
4056.410256
4057.948718
4053.846154
4053.333333
4060
4061.538462
4060
4064.615385
4063.076923
4064.102564
4067.692308
4065.641026
4070.769231
4072.820513
4070.769231
4078.461538
4082.564103
4083.076923
4083.589744
4086.666667
4088.205128
4082.051282
4087.179487
4092.820513
4094.358974
4099.487179
4095.897436
4098.974359
4109.230769
4108.717949
4104.615385
4106.153846
4110.769231
4109.74359
4106.666667
4110.769231
4108.717949
4108.205128
4113.333333
4113.846154
4116.923077
4116.410256
4115.384615
4122.051282
4123.076923
4125.641026
4128.205128
4131.282051
4140.512821
4141.025641
4140
4140.512821
4140.512821
4144.615385
4144.615385
4144.102564
4143.076923
4141.025641
4143.589744
4140.512821
4140
4146.666667
4143.589744
4142.051282
4143.589744
4144.102564
4144.615385
4144.615385
4152.820513
4154.358974
4150.25641
4154.871795
4155.384615
4156.410256
4158.974359
4158.974359
4162.051282
4157.948718
4158.974359
4163.589744
4161.025641
4165.128205
4167.692308
4164.615385
4164.102564
4163.589744
4164.615385
4163.589744
4164.615385
4166.153846
4162.051282
4163.076923
4165.641026
4169.230769
4175.897436
4170.769231
4169.74359
4176.410256
4176.923077
4178.461538
4180
4184.615385
4185.641026
4178.461538
4182.051282
4186.666667
4188.205128
4191.794872
4191.794872
4194.358974
4195.897436
4198.461538
4202.564103
4200.512821
4202.564103
4204.102564
4202.051282
4204.102564
4204.102564
4209.230769
4209.230769
4205.641026
4212.820513
4212.307692
4211.794872
4214.358974
4211.282051
4215.897436
4219.487179
4216.923077
4213.333333
4211.282051
4220
4223.076923
4218.461538
4217.948718
4217.948718
4219.487179
4217.435897
4218.461538
4232.307692
4232.820513
4226.666667
4230.25641
4230.25641
4230.25641
4232.820513
4236.923077
4240
4240
4246.666667
4245.641026
4242.051282
4245.641026
4243.589744
4244.615385
4243.076923
4241.538462
4246.666667
4245.641026
4244.102564
4245.641026
4248.717949
4251.282051
4247.179487
4248.717949
4249.74359
4247.692308
4251.282051
4245.128205
4240.512821
4244.615385
4244.615385
4246.153846
4247.179487
4247.179487
4245.641026
4244.615385
4254.358974
4254.871795
4247.179487
4248.717949
4246.666667
4246.666667
4248.205128
4245.128205
4246.666667
4249.230769
4251.794872
4248.205128
4244.102564
4247.179487
4242.564103
4239.487179
4242.564103
4243.076923
4245.641026
4241.538462
4238.974359
4243.589744
4243.076923
4246.153846
4246.153846
4244.102564
4247.692308
4245.128205
4245.641026
4248.205128
4246.666667
4247.179487
4247.179487
4249.230769
4250.25641
4246.666667
4246.153846
4242.564103
4241.538462
4242.564103
4241.538462
4245.128205
4241.025641
4241.025641
4245.128205
4243.076923
4248.717949
4248.205128
4242.564103
4246.153846
4248.717949
4249.230769
4246.666667
4246.153846
4251.794872
4251.794872
4251.794872
4251.794872
4248.717949
4251.794872
4251.282051
4250.25641
4252.307692
4250.25641
4251.794872
4249.74359
4249.74359
4254.871795
4249.74359
4251.282051
4254.358974
4246.666667
4243.076923
4250.25641
4257.435897
4254.358974
4253.333333
4257.435897
4254.358974
4257.435897
4261.538462
4258.461538
4261.025641
4258.974359
4258.974359
4258.974359
4251.282051
4253.333333
4254.871795
4253.846154
4255.384615
4253.333333
4253.846154
4253.333333
4252.820513
4254.871795
4250.25641
4249.230769
4248.205128
4244.615385
4248.717949
4254.871795
4264.102564
4270.25641
4271.282051
4277.948718
4277.435897
4273.333333
4268.717949
4263.589744
4271.282051
4272.307692
4266.666667
4270.25641
4270.769231
4271.282051
4269.230769
4267.692308
4271.282051
4269.230769
4271.282051
4272.307692
4267.179487
4268.205128
4268.717949
4269.230769
4266.153846
4260
4263.076923
4263.589744
4261.025641
4258.974359
4255.384615
4259.487179
4256.923077
4253.333333
4258.974359
4259.487179
4260
4257.948718
4252.307692
4251.282051
4253.333333
4260
4256.923077
